#define _rgb {\
{245,250,250,250,250,250,250,250,250,250,250,250,250,250,250,250,250,250,250,250,250,250,250,250,250,250,250,250,250,250,250,250,250,250,250,250,250,250,250,250,250,250,250,250,250,250,250,250,250,250,250,250,250,250,250,250,250,250,250,209},\
{245,245,250,250,245,250,250,250,250,250,250,250,250,250,250,250,250,250,250,250,250,250,250,250,250,250,250,250,250,250,250,250,250,250,250,250,250,250,250,250,250,250,250,250,250,250,250,250,250,250,250,250,250,250,250,250,250,250,209,204},\
{245,245,245,250,245,246,250,250,250,250,250,250,250,250,250,250,250,250,250,250,250,250,250,250,250,250,250,250,250,250,250,250,250,250,250,250,250,250,250,250,250,250,250,250,250,250,250,250,250,250,250,250,250,250,250,250,250,209,204,204},\
{245,245,245,245,245,245,245,245,245,245,245,245,245,245,245,245,245,245,245,245,245,245,245,245,245,245,245,245,245,245,245,245,245,245,245,245,245,245,245,245,245,245,245,245,245,245,245,245,245,245,245,245,245,245,245,245,209,204,204,204},\
{245,245,245,245,240,240,240,240,240,240,240,240,240,240,240,240,240,240,240,240,240,240,240,240,240,240,240,240,240,240,240,240,240,240,240,240,240,240,240,240,240,240,240,240,240,240,240,240,240,240,240,240,240,240,240,240,204,204,204,204},\
{245,245,245,245,240,240,240,240,240,240,240,240,240,240,240,240,240,240,240,240,240,240,240,240,240,240,240,240,240,240,240,240,240,240,240,240,240,240,240,240,240,240,240,240,240,240,240,240,240,240,240,240,240,240,240,240,204,204,204,204},\
{245,245,245,245,240,204,208,240,240,240,240,204,240,240,240,240,240,240,240,240,240,240,240,240,240,240,240,240,240,240,240,240,240,240,240,240,240,240,240,240,240,240,240,240,240,240,240,240,240,240,240,240,240,240,240,240,204,204,204,204},\
{245,245,241,245,240,204,208,240,208,240,204,204,240,240,240,240,240,240,240,240,240,240,240,240,240,240,240,240,240,240,240,240,240,240,240,240,240,240,240,240,240,240,240,240,240,240,240,240,240,240,240,240,240,240,240,240,204,204,204,204},\
{245,245,241,208,240,204,240,204,204,204,172,240,240,240,240,240,240,240,240,240,240,240,240,240,240,240,240,240,240,240,240,240,240,240,240,240,240,240,240,240,240,240,240,240,240,240,240,240,240,240,240,240,240,240,240,240,204,204,204,204},\
{245,245,245,209,168,168,240,172,168,136,168,204,240,240,240,240,240,240,240,240,240,240,240,240,240,240,240,240,240,240,240,240,240,240,240,240,240,240,240,240,240,240,240,240,240,240,240,240,240,240,240,240,240,240,240,240,204,204,204,204},\
{245,245,245,245,168,136,168,136,136,136,168,204,240,240,240,240,240,240,240,240,240,240,240,240,240,240,240,240,240,240,240,240,240,240,240,240,240,240,240,240,240,240,240,240,240,240,240,240,240,240,240,240,240,240,240,240,204,204,204,204},\
{245,245,245,240,172,136,136,136,136,136,136,204,204,204,240,240,240,240,240,204,240,240,240,240,240,240,240,240,240,240,240,240,240,240,240,240,240,240,240,240,240,240,240,240,240,240,240,240,240,240,240,240,240,240,240,240,204,204,204,204},\
{245,245,245,245,208,136,136,136,136,136,204,240,240,204,240,240,240,240,240,204,204,240,240,204,240,240,240,208,240,240,240,240,204,240,240,240,240,240,240,240,240,240,240,240,240,240,240,240,240,240,240,240,240,240,240,240,204,204,204,204},\
{245,245,245,241,172,168,168,168,136,136,204,240,240,240,240,240,240,240,240,208,204,204,204,172,204,240,240,204,204,204,204,204,172,204,240,240,240,240,240,240,240,240,240,240,240,240,240,240,240,240,240,240,240,240,240,240,204,204,204,204},\
{245,245,241,204,240,240,204,240,204,168,172,240,240,240,240,240,240,240,240,240,204,168,136,136,136,172,168,136,136,168,204,240,240,240,240,240,240,240,240,240,240,240,240,240,240,240,240,240,240,240,240,240,240,240,240,240,204,204,204,204},\
{245,241,209,208,240,240,240,204,204,204,172,204,240,240,240,240,240,204,204,168,136,136,136,136,136,136,168,204,204,204,240,240,240,240,240,240,240,240,240,240,240,240,240,240,240,240,240,240,240,240,240,240,240,240,240,240,204,204,204,204},\
{245,245,245,204,136,136,136,136,136,136,136,136,136,136,136,136,136,136,136,136,136,136,136,136,136,136,136,136,136,136,136,136,136,136,136,136,136,136,136,136,136,136,136,136,136,136,136,136,136,136,136,136,136,136,136,136,172,172,204,204},\
{245,245,208,136,136,136,136,136,136,136,136,136,136,136,136,136,136,136,136,136,136,136,136,136,136,136,136,136,136,136,136,136,136,136,136,136,136,136,136,136,136,136,136,136,136,136,136,136,136,136,136,136,136,136,136,136,136,172,172,204},\
{245,208,136,136,136,136,136,136,136,136,136,136,136,136,136,136,136,136,136,136,136,136,136,136,136,136,136,136,136,136,136,136,136,136,136,136,136,136,136,136,136,136,136,136,136,136,136,136,136,136,136,136,136,136,136,136,136,136,172,172},\
{208,136,136,136,136,136,136,136,136,136,136,136,136,136,136,136,136,136,136,136,136,136,136,136,136,136,136,136,136,136,136,136,136,136,136,136,136,136,136,136,136,136,136,136,136,136,136,136,136,136,136,136,136,136,136,136,136,136,136,172}\
}