#define _rgb {\
{141,177,177,177,177,177,177,177,177,177,177,177,177,177,177,177,177,177,177,177,177,177,177,177,177,177,177,177,177,177,177,177,177,177,177,177,177,177,177,177,177,177,177,177,177,177,177,177,177,177,177,177,177,177,177,177,177,177,177,141},\
{141,141,177,177,177,177,177,177,177,177,177,177,177,177,177,177,177,177,177,177,177,177,177,177,177,177,177,177,177,177,177,177,177,177,177,177,177,177,177,177,177,177,177,177,177,177,177,177,177,177,177,177,177,177,177,177,177,177,141,104},\
{141,141,141,177,177,177,177,177,177,177,177,177,177,177,177,177,177,177,177,177,177,177,177,177,177,177,177,177,177,177,177,177,177,177,177,177,177,177,177,177,177,177,177,177,177,177,177,177,177,177,177,177,177,177,177,177,177,141,100, 68},\
{141,141,141,141,141,141,177,177,177,177,177,177,177,177,177,177,177,177,177,177,177,177,177,177,177,177,177,177,177,177,177,177,177,177,177,177,177,177,177,177,177,177,177,177,177,177,177,177,177,177,177,177,177,177,177,177,141,100, 68,100},\
{141,141,141,140,104,104,104,104,104,104,104,104,104,104,104,104,104,104,104,104,104,104,104,104,104,104,104,104,104,104,104,104,104,104,104,104,104,104,104,104,104,104,104,104,104,104,104,104,104,104,104,104,104,104,104,104,104, 68,100,100},\
{141,141,141,140,104,104,104,104,104,104,104,104,104,104,104,104,104,104,104,104,104,104,104,104,104,104,104,104,104,104,104,104,104,104,104,104,104,104,104,104,104,104,104,104,104,104,104,104,104,104,104,104,104,104,104,104,100, 68,100,100},\
{141,141,141,140,104,100,104,104,104,104,104,100,104,104,104,104,104,104,104,104,104,104,104,104,104,104,104,104,104,104,104,104,104,104,104,104,104,104,104,104,104,104,104,104,104,104,104,104,104,104,104,104,104,104,104,104,100, 68,100,100},\
{141,141,140,140,104, 68,104,104,104,104,100,100,104,104,104,104,104,104,104,104,104,104,104,104,104,104,104,104,104,104,104,104,104,104,104,104,104,104,104,104,104,104,104,104,104,104,104,104,104,104,104,104,104,104,104,104,100, 68,100,100},\
{141,141,140,104,104, 68,104,100, 68,100, 68,104,104,104,104,104,104,104,104,104,104,104,104,104,104,104,104,104,104,104,104,104,104,104,104,104,104,104,104,104,104,104,104,104,104,104,104,104,104,104,104,104,104,104,104,104,100, 68,100,100},\
{141,141,141,104, 68, 68,104, 68, 68, 32, 68,100,104,104,104,104,104,104,104,104,104,104,104,104,104,104,104,104,104,104,104,104,104,104,104,104,104,104,104,104,104,104,104,104,104,104,104,104,104,104,104,104,104,104,104,104,100, 68,100,100},\
{141,141,141,140, 68, 36, 68, 32, 32, 36, 68,100,104,104,104,104,104,104,104,104,104,104,104,104,104,104,104,104,104,104,104,104,104,104,104,104,104,104,104,104,104,104,104,104,104,104,104,104,104,104,104,104,104,104,104,104,100, 68,100,100},\
{141,141,141,104, 68, 36, 36, 36, 36, 36, 68, 68,100,100,104,104,104,104,104,100,104,104,104,104,104,104,104,104,104,104,104,104,104,104,104,104,104,104,104,104,104,104,104,104,104,104,104,104,104,104,104,104,104,104,104,104,100, 68,100,100},\
{141,141,141,140,104, 36, 32, 36, 36, 32, 68,104,104,100,104,104,104,104,104,100, 68,104,104,100,104,104,104,100,104,104,104,104,100,104,104,104,104,104,104,104,104,104,104,104,104,104,104,104,104,104,104,104,104,104,104,104,100, 68,100,100},\
{141,141,141,136, 68, 68, 68, 68, 36, 32,100,104,104,104,104,104,104,104,104,104, 68, 68,100, 68,100,104,104, 68,100, 68, 68, 68, 68, 68,104,104,104,104,104,104,104,104,104,104,104,104,104,104,104,104,104,104,104,104,104,104,100, 68,100,100},\
{141,141,140,104,104,104,100,104, 68, 68, 68,104,104,104,104,104,104,104,104,104,100, 68, 36, 32, 36, 68, 68, 64, 32, 68, 68,104,104,104,104,104,104,104,104,104,104,104,104,104,104,104,104,104,104,104,104,104,104,104,104,104,100, 68,100,100},\
{140,140,104,104,104,104,104,100, 68, 68, 68, 68,104,104,104,104,104,100, 68, 68, 32, 32, 32, 36, 36, 32, 68, 68,100, 68,104,104,104,104,104,104,104,104,104,104,104,104,104,104,104,104,104,104,104,104,104,104,104,104,104,104,100, 68,100,100},\
{140,141,140,104, 68, 68, 68, 68, 68, 68, 68, 32, 36, 68, 68, 68, 68, 36, 36, 36, 32, 32, 32, 32, 32, 32, 32, 36, 68, 68, 68, 68, 68, 68, 68, 68, 68, 68, 68, 68, 68, 68, 68, 68, 68, 68, 68, 68, 68, 68, 68, 68, 68, 68, 68, 68, 68, 68, 68, 68},\
{141,141,104, 68, 36, 36, 36, 36, 36, 36, 36, 36, 32, 32, 36, 36, 36, 36, 36, 36, 36, 32, 32, 32, 32, 36, 32, 32, 32, 32, 36, 36, 36, 36, 36, 36, 36, 36, 36, 36, 36, 36, 36, 36, 36, 36, 36, 36, 36, 36, 36, 36, 36, 36, 36, 36, 36, 68, 68, 68},\
{141,104, 68, 36, 36, 36, 36, 36, 36, 36, 36, 36, 36, 36, 36, 36, 36, 36, 36, 36, 36, 36, 36, 32, 32, 36, 36, 36, 36, 32, 32, 32, 36, 36, 36, 36, 36, 36, 36, 36, 36, 36, 36, 36, 36, 36, 36, 36, 36, 36, 36, 36, 36, 36, 36, 36, 36, 36, 68, 68},\
{104, 68, 36, 36, 36, 36, 36, 36, 36, 36, 36, 36, 36, 36, 36, 36, 36, 36, 36, 36, 36, 36, 36, 32, 32, 36, 36, 36, 36, 36, 36, 36, 32, 36, 36, 36, 36, 36, 36, 36, 36, 36, 36, 36, 36, 36, 36, 36, 36, 36, 36, 36, 36, 36, 36, 36, 36, 36, 36, 68}\
}