#define _rgb {\
{186,218,218,218,218,218,218,218,218,218,218,218,218,218,218,218,218,218,218,218,218,218,218,218,218,218,218,218,218,218,218,218,218,218,218,218,218,218,218,218,218,218,218,218,218,218,218,218,218,218,218,218,218,218,218,218,218,218,186,149},\
{185,186,218,218,218,218,218,218,218,218,218,218,218,218,218,218,218,218,218,218,218,218,218,218,218,218,218,218,218,218,218,218,218,218,218,218,218,218,218,218,218,218,218,218,218,218,218,218,218,218,218,218,218,218,218,218,218,186,149,112},\
{185,185,186,218,218,218,218,218,218,218,218,218,218,218,218,218,218,218,218,218,218,218,218,218,218,218,218,218,218,218,218,218,218,218,218,218,218,218,218,218,218,218,218,218,218,218,218,218,218,218,218,218,218,218,218,218,186,149,112,112},\
{185,185,185,186,186,186,186,186,186,186,186,186,186,186,186,186,186,186,186,186,186,186,186,186,186,186,186,186,186,186,186,186,186,186,186,186,186,186,186,186,186,186,186,186,186,186,186,186,186,186,186,186,186,186,186,186,149,112,112,112},\
{185,185,185,185,153,153,153,153,153,153,153,153,153,153,153,153,153,153,153,153,153,153,153,153,153,153,153,153,153,153,153,153,153,153,153,153,153,153,153,153,153,153,153,153,153,153,153,153,153,153,153,153,153,153,153,153,116,112,112,112},\
{185,185,185,185,153,152,152,152,152,152,152,152,152,152,152,152,152,152,152,152,152,152,152,152,152,152,152,152,152,152,152,152,152,152,152,152,152,152,152,152,152,152,152,152,152,152,152,152,152,152,152,152,152,152,152,152,116,112,112,112},\
{185,185,185,185,153,152,152,152,152,152,152,152,152,152,152,152,152,152,152,152,152,152,152,152,152,152,152,152,152,152,152,152,152,152,152,152,152,152,152,152,152,152,152,152,152,152,152,152,152,152,152,152,152,152,152,152,116,112,112,112},\
{185,185,185,185,153,152,152,152,152,152,152,152,152,152,152,152,152,152,152,152,152,152,152,152,152,152,152,152,152,152,152,152,152,152,152,152,152,152,152,152,152,152,152,152,152,152,152,152,152,152,152,152,152,152,152,152,116,112,112,112},\
{185,185,185,185,153,152,152,152,152,152,152,152,152,152,152,152,152,152,152,152,152,152,152,152,152,152,152,152,152,152,152,152,152,152,152,152,152,152,152,152,152,152,152,152,152,152,152,152,152,152,152,152,152,152,152,152,116,112,112,112},\
{185,185,185,185,153,152,152,152,152,152,152,152,152,152,152,152,152,152,152,152,152,152,152,152,152,152,152,152,152,152,152,152,152,152,152,152,152,152,152,152,152,152,152,152,152,152,152,152,152,152,152,152,152,152,152,152,116,112,112,112},\
{185,185,185,185,153,152,152,152,152,152,152,152,152,152,152,152,152,152,152,152,152,152,152,152,152,152,152,152,152,152,152,152,152,152,152,152,152,152,152,152,152,152,152,152,152,152,152,152,152,152,152,152,152,152,152,152,116,112,112,112},\
{185,185,185,185,153,152,152,152,152,152,152,152,152,152,152,152,152,152,152,152,152,152,152,152,152,152,152,152,152,152,152,152,152,152,152,152,152,152,152,152,152,152,152,152,152,152,152,152,152,152,152,152,152,152,152,152,116,112,112,112},\
{185,185,185,185,153,152,152,152,152,152,152,152,152,152,152,152,152,152,152,152,152,152,152,152,152,152,152,152,152,152,152,152,152,152,152,152,152,152,152,152,152,152,152,152,152,152,152,152,152,152,152,152,152,152,152,152,116,112,112,112},\
{185,185,185,185,153,152,152,152,152,152,152,152,152,152,152,152,152,152,152,152,152,152,152,152,152,152,152,152,152,152,152,152,152,152,152,152,152,152,152,152,152,152,152,152,152,152,152,152,152,152,152,152,152,152,152,152,116,112,112,112},\
{185,185,185,185,153,152,152,152,152,152,152,152,152,152,152,152,152,152,152,152,152,152,152,152,152,152,152,152,152,152,152,152,152,152,152,152,152,152,152,152,152,152,152,152,152,152,152,152,152,152,152,152,152,152,152,152,116,112,112,112},\
{185,185,185,185,149,148,148,148,148,148,148,148,148,148,148,148,148,148,148,148,148,148,148,148,148,148,148,148,148,148,148,148,148,148,148,148,148,148,148,148,148,148,148,148,148,148,148,148,148,148,148,148,148,148,148,148,116,112,112,112},\
{185,185,185,117, 80, 80, 80, 80, 80, 80, 80, 80, 80, 80, 80, 80, 80, 80, 80, 80, 80, 80, 80, 80, 80, 80, 80, 80, 80, 80, 80, 80, 80, 80, 80, 80, 80, 80, 80, 80, 80, 80, 80, 80, 80, 80, 80, 80, 80, 80, 80, 80, 80, 80, 80, 76, 80,112,112,112},\
{185,185,117, 76, 76, 76, 76, 76, 76, 76, 76, 76, 76, 76, 76, 76, 76, 76, 76, 76, 76, 76, 76, 76, 76, 76, 76, 76, 76, 76, 76, 76, 76, 76, 76, 76, 76, 76, 76, 76, 76, 76, 76, 76, 76, 76, 76, 76, 76, 76, 76, 76, 76, 76, 76, 76, 76, 80,112,112},\
{185,117, 76, 76, 76, 76, 76, 76, 76, 76, 76, 76, 76, 76, 76, 76, 76, 76, 76, 76, 76, 76, 76, 76, 76, 76, 76, 76, 76, 76, 76, 76, 76, 76, 76, 76, 76, 76, 76, 76, 76, 76, 76, 76, 76, 76, 76, 76, 76, 76, 76, 76, 76, 76, 76, 76, 76, 76, 80,112},\
{117, 76, 76, 76, 76, 76, 76, 76, 76, 76, 76, 76, 76, 76, 76, 76, 76, 76, 76, 76, 76, 76, 76, 76, 76, 76, 76, 76, 76, 76, 76, 76, 76, 76, 76, 76, 76, 76, 76, 76, 76, 76, 76, 76, 76, 76, 76, 76, 76, 76, 76, 76, 76, 76, 76, 76, 76, 76, 76, 80}\
}