#define _rgb {\
{123,155,155,155,155,155,155,155,155,155,155,155,155,155,155,155,155,155,155,155,155,155,155,155,155,155,155,155,155,155,155,155,155,155,155,155,155,155,155,155,155,155,155,155,155,155,155,155,155,155,155,155,155,155,155,155,155,155,155, 87},\
{ 87,123,155,155,155,155,155,155,155,155,155,155,155,155,155,155,155,155,155,155,155,155,155,155,155,155,155,155,155,155,155,155,155,155,155,155,155,155,155,155,155,155,155,155,155,155,155,155,155,155,155,155,155,155,155,155,155,155, 87, 18},\
{ 87, 87,123,155,151,155,155,155,155,155,155,155,155,155,155,155,155,155,155,155,155,155,155,155,155,155,155,155,155,155,155,155,155,155,155,155,155,155,155,155,155,155,155,155,155,155,155,155,155,155,155,155,155,155,155,155,155, 87, 18, 18},\
{ 87, 87, 87,123,119,119,123,123,123,123,123,123,123,123,123,123,123,123,123,123,123,123,123,123,123,123,123,123,123,123,123,123,123,123,123,123,123,123,123,123,123,123,123,123,123,123,123,123,123,123,123,123,123,123,123,123, 87, 18, 18, 18},\
{ 87, 87, 87, 87, 23, 19, 23, 23, 23, 23, 23, 23, 23, 23, 23, 23, 23, 23, 23, 23, 23, 23, 23, 23, 23, 23, 23, 23, 23, 23, 23, 23, 23, 23, 23, 23, 23, 23, 23, 23, 23, 23, 23, 23, 23, 23, 23, 23, 23, 23, 23, 23, 23, 23, 23, 23, 18, 18, 18, 18},\
{ 87, 87, 87, 87, 23, 19, 19, 23, 23, 23, 23, 23, 19, 23, 23, 23, 23, 23, 23, 23, 23, 23, 23, 23, 23, 23, 23, 23, 23, 23, 23, 23, 23, 23, 23, 23, 23, 23, 23, 23, 23, 23, 23, 23, 23, 23, 23, 23, 23, 23, 23, 23, 23, 23, 23, 23, 18, 18, 18, 18},\
{ 87, 87, 87, 87, 23, 19, 19, 23, 19, 23, 23, 19, 23, 23, 23, 23, 23, 23, 23, 23, 23, 23, 23, 23, 23, 23, 23, 23, 23, 23, 23, 23, 23, 23, 23, 23, 23, 23, 23, 23, 23, 23, 23, 23, 23, 23, 23, 23, 23, 23, 23, 23, 23, 23, 23, 23, 18, 18, 18, 18},\
{ 87, 87, 87, 87, 23, 14, 19, 19, 19, 23, 19, 19, 23, 23, 23, 23, 23, 23, 23, 23, 23, 23, 23, 23, 23, 23, 23, 23, 23, 23, 23, 23, 23, 23, 23, 23, 23, 23, 23, 23, 23, 23, 23, 23, 23, 23, 23, 23, 23, 23, 23, 23, 23, 23, 23, 23, 18, 18, 18, 18},\
{ 87, 87, 87, 51, 19, 14, 19, 19, 19, 19, 14, 19, 19, 23, 23, 23, 23, 23, 23, 23, 23, 23, 23, 23, 23, 23, 23, 23, 23, 23, 23, 23, 23, 23, 23, 23, 23, 23, 23, 23, 23, 23, 23, 23, 23, 23, 23, 23, 23, 23, 23, 23, 23, 23, 23, 23, 18, 18, 18, 18},\
{ 87, 87, 87, 55, 14, 14, 19, 14, 14, 14, 14, 19, 23, 23, 23, 23, 23, 23, 23, 23, 23, 23, 19, 23, 23, 23, 23, 23, 23, 23, 23, 23, 23, 23, 19, 23, 23, 23, 23, 23, 23, 23, 23, 23, 23, 23, 23, 23, 23, 23, 23, 23, 23, 23, 23, 23, 18, 18, 18, 18},\
{ 87, 87, 87, 87, 14, 14, 14, 10, 14, 14, 14, 19, 23, 23, 23, 23, 19, 19, 19, 23, 23, 23, 19, 23, 23, 23, 23, 23, 23, 23, 23, 23, 23, 19, 23, 23, 23, 23, 23, 23, 23, 23, 23, 23, 23, 23, 23, 23, 23, 23, 23, 23, 23, 23, 23, 23, 18, 18, 18, 18},\
{ 87, 87, 87, 55, 14, 14, 14, 14, 14, 14, 14, 14, 19, 19, 23, 23, 23, 23, 19, 19, 23, 23, 19, 19, 23, 23, 23, 19, 23, 23, 23, 23, 19, 19, 23, 23, 23, 23, 23, 23, 23, 23, 23, 23, 23, 23, 23, 23, 23, 23, 23, 23, 23, 23, 23, 23, 18, 18, 18, 18},\
{ 87, 87, 87, 87, 19, 14, 14, 14, 14, 10, 14, 19, 23, 19, 19, 23, 23, 23, 23, 19, 14, 23, 19, 19, 23, 23, 23, 19, 23, 23, 23, 23, 19, 19, 23, 23, 23, 23, 23, 23, 23, 23, 23, 23, 23, 23, 23, 23, 23, 23, 23, 23, 23, 23, 23, 23, 18, 18, 18, 18},\
{ 87, 87, 87, 87, 14, 14, 14, 14, 14, 10, 19, 23, 23, 23, 23, 23, 23, 23, 23, 19, 19, 14, 19, 14, 19, 23, 23, 18, 19, 18, 18, 14, 14, 19, 19, 23, 23, 23, 23, 23, 23, 23, 23, 23, 23, 23, 23, 23, 23, 23, 23, 23, 23, 23, 23, 23, 18, 18, 18, 18},\
{ 87, 87, 87, 50, 19, 23, 19, 19, 14, 14, 14, 23, 23, 23, 23, 23, 23, 23, 23, 19, 19, 14, 14, 10, 14, 14, 14, 14, 10, 14, 18, 19, 23, 23, 19, 23, 23, 23, 23, 23, 23, 23, 23, 23, 23, 23, 23, 23, 23, 23, 23, 23, 23, 23, 23, 23, 18, 18, 18, 18},\
{ 87, 87, 87, 51, 19, 23, 19, 19, 19, 19, 14, 18, 23, 23, 23, 23, 19, 19, 18, 14, 10, 10, 10, 14, 14, 10, 14, 18, 19, 18, 19, 23, 23, 23, 23, 23, 23, 23, 23, 23, 23, 23, 23, 23, 23, 23, 23, 23, 23, 23, 23, 23, 23, 23, 23, 19, 18, 18, 18, 18},\
{ 87, 87, 87, 50, 14, 14, 14, 14, 14, 14, 14, 14, 14, 14, 14, 14, 14, 14, 14, 14, 14, 10,  9, 10, 10, 10, 10, 14, 14, 14, 14, 14, 14, 14, 14, 14, 14, 14, 14, 14, 14, 14, 14, 14, 14, 14, 14, 14, 14, 14, 14, 14, 14, 14, 14, 14, 14, 18, 18, 18},\
{ 87, 87, 50, 14, 14, 14, 14, 14, 14, 14, 14, 14, 14, 14, 14, 14, 14, 14, 14, 14, 14, 14, 10, 14, 10, 14, 14, 10,  9, 10, 14, 14, 14, 14, 14, 14, 14, 14, 14, 14, 14, 14, 14, 14, 14, 14, 14, 14, 14, 14, 14, 14, 14, 14, 14, 14, 14, 14, 18, 18},\
{ 87, 50, 14, 14, 14, 14, 14, 14, 14, 14, 14, 14, 14, 14, 14, 14, 14, 14, 14, 14, 14, 14, 14, 10, 10, 14, 14, 14, 14, 14, 10, 10, 14, 14, 14, 14, 14, 14, 14, 14, 14, 14, 14, 14, 14, 14, 14, 14, 14, 14, 14, 14, 14, 14, 14, 14, 14, 14, 14, 18},\
{ 50, 14, 14, 14, 14, 14, 14, 14, 14, 14, 14, 14, 14, 14, 14, 14, 14, 14, 14, 14, 14, 14, 14, 14, 10, 14, 14, 14, 14, 14, 14, 14, 10, 14, 14, 14, 14, 14, 14, 14, 14, 14, 14, 14, 14, 14, 14, 14, 14, 14, 14, 14, 14, 14, 14, 14, 14, 14, 14, 14}\
}