#define _rgb {\
{  0,  0,  0,114,114,114,114,114,114,114,114,114,114,110, 78,110,114,110,110,110,110,110,110,110,110,110,110,110,110,110,110,110,110,110,110,110,110,110,110,110,110,110,110,110,110,110,110,110,110,110,110,110,110,110,110,110,110,110,110,114,110, 78,110,114,114,114,114,114,114,114,114,114,114,  0,  0,  0},\
{  0,  0,146,146,146,146,114,114,114,114,114,114,114,114,114,114,114,114,114,114,114,114,114,114,114,114,114,114,114,114,114,114,114,114,114,114,114,114,114,114,114,114,114,114,114,114,114,114,114,114,114,114,114,114,114,114,114,114,114,114,114,114,114,114,114,114,114,114,114,114,146,146,146,146,  0,  0},\
{  0,146,146,146,146,146,146,146,146,146,146,146,146,146,146,150,150,150,150,150,150,150,150,150,150,150,150,150,150,150,150,150,150,150,150,150,150,150,150,150,150,150,150,150,150,150,150,150,150,150,150,150,150,150,150,150,150,150,150,150,150,146,146,146,146,146,146,146,146,146,146,146,146,146,146,  0},\
{150,150,150,150,146,150,182,182,182,150,150,150,150,146,146, 73, 36, 36, 36, 36, 36, 36, 36, 36, 36, 36, 36, 36, 36, 36, 36, 36, 36, 36, 36, 36, 36, 36, 36, 36, 36, 36, 36, 36, 36, 36, 36, 36, 36, 36, 36, 36, 36, 36, 36, 36, 36, 36, 36, 36, 73,146,146,150,150,150,150,182,182,182,150,146,150,150,150,150},\
{150,150,150,150,150,187,219,219,219,187,183,182,150,150,146, 73,  0, 32, 32, 32, 32, 32, 32, 32, 32, 32, 32, 32, 32, 32, 32, 32, 32, 32,  0, 32, 32, 32, 32,  0,  0, 32,  0,  0, 32, 32, 32,  0,  0, 32, 32, 32, 32, 32, 32, 32, 32, 32, 32,  0, 73,146,146,150,182,183,187,187,219,219,187,150,150,150,150,150},\
{150,150,150,150,150,187,219,219,219,187,183,182,150,150,146, 73, 32, 32, 32, 32, 32, 32, 32, 32, 32, 36, 32, 32, 32, 72,144,144,104, 36,108,144,144,144,144,144, 72, 36,104,144,144,144,144,144, 72, 36, 32, 32, 32, 32, 32, 32, 32, 32, 32, 32, 73,146,150,150,182,183,187,219,219,219,187,150,150,150,150,150},\
{150,150,150,150,150,150,187,187,183,183,182,182,150,150,146, 73, 32, 32, 32, 32, 32, 32, 32, 32, 72,108, 36, 32, 36,144,252,252,144,108,252,252,252,252,252,252,144, 72,248,252,252,252,252,252,180, 36, 32, 32, 32, 32, 32, 32, 32, 32, 32, 32, 73,146,150,150,150,182,183,183,187,187,150,150,150,150,150,150},\
{150,150,150,150,150,150,150,150,150,150,150,150,150,150,146, 73, 32, 32, 32, 32, 32, 32, 32, 32,144,180, 36, 32, 32, 72,212,252,108,176,252,144, 72, 72,180,252,144,144,252,176, 72, 72,144,252,180, 36, 32, 32, 32, 32, 32, 32, 32, 32, 32, 32, 73,146,150,150,150,150,150,150,150,150,150,150,150,150,150,150},\
{150,150,150,150,150,150,150,150,150,150,150,150,150,150,150, 73, 32, 32, 32, 32, 32, 36, 36, 36,180,144, 36, 36, 32, 36,212,248, 72,216,248, 68,  0, 32,144,252,108,180,252, 72,  0,  0,108,252,144, 32, 32, 32, 32, 32, 32, 32, 32, 32, 32, 32, 73,150,150,150,150,150,150,150,150,150,150,150,150,150,150,150},\
{182,182,182,182,182,182,182,182,182,182,182,182,182,150,150, 73, 32, 32, 32, 32, 36,144,212,212,252,216,180,180, 36, 68,248,212, 72,248,212, 36, 32, 36,212,248, 72,216,216, 68, 32, 36,176,252,104,  0, 32, 32, 32, 32, 32, 32, 32, 32, 32, 32, 73,150,150,182,182,182,182,182,182,182,182,182,182,182,182,182},\
{182,182,182,182,182,182,182,182,182,182,182,182,182,150,150, 73, 32, 32, 32, 32, 36,104,108,144,216,140,108,108, 36,104,252,176,108,252,144, 36, 32, 68,248,216, 72,248,212, 36, 32, 36,212,248, 72, 32, 32, 32, 32, 32, 32, 32, 32, 32, 32, 32, 73,150,150,182,182,182,182,182,182,182,182,182,182,182,182,182},\
{150,150,150,150,150,150,150,150,150,150,150,150,150,150,150, 73, 32, 32, 32, 32, 32, 32,  0,108,180, 36,  0,  0, 32,144,252,140,144,252,108,  0,  0,104,252,176,108,252,144, 32,  0, 72,248,216, 36, 32, 32, 32, 32, 32, 32, 32, 32, 32, 32, 32, 73,150,150,150,150,150,150,150,150,150,150,150,150,150,150,150},\
{150,150,150,150,150,150,150,150,150,150,150,150,150,150,146, 73, 32, 32, 32, 32, 32, 32, 32,144,144, 36, 32, 32, 36,180,252,104,180,252,180,144,144,180,252,140,144,252,212,144,144,180,252,176, 36, 32, 32, 32, 32, 32, 32, 32, 32, 32, 32, 32, 73,146,150,150,150,150,150,150,150,150,150,150,150,150,150,150},\
{150,150,150,150,150,150,150,150,150,150,150,150,150,150,146, 73, 32, 32, 32, 32, 32, 32, 32, 68, 36, 32, 32, 32, 36,216,216, 72,180,252,252,252,252,252,216, 72,144,252,252,252,252,252,248,108, 32, 32, 32, 32, 32, 32, 32, 32, 32, 32, 32, 32, 73,146,150,150,150,150,150,150,150,150,150,150,150,150,150,150},\
{150,150,150,150,150,150,150,150,150,150,150,150,150,146,146, 73, 32, 32, 32, 32, 32, 32, 32, 32, 32, 32, 32, 32, 36,104, 72, 36, 72,108,108,108,108,108, 72, 36, 36,108,108,108,108,108, 72, 36, 32, 32, 32, 32, 32, 32, 32, 32, 32, 32, 32, 32, 73,146,146,150,150,150,150,150,150,150,150,150,150,150,150,150},\
{150,150,150,150,150,150,150,150,150,150,150,150,150,146,146, 73,  0, 32, 32, 32, 32, 32, 32, 32, 32, 32, 32, 32, 32,  0,  0, 32,  0,  0,  0,  0,  0,  0,  0, 32, 32,  0,  0,  0,  0,  0,  0, 32, 32, 32, 32, 32, 32, 32, 32, 32, 32, 32, 32,  0, 73,146,146,150,150,150,150,150,150,150,150,150,150,150,150,150},\
{150,150,150,150,146,146,146,146,146,146,146,146,150,146,146, 73, 36, 36, 36, 36, 36, 36, 36, 36, 36, 36, 36, 36, 36, 36, 36, 36, 36, 36, 36, 36, 36, 36, 36, 36, 36, 36, 36, 36, 36, 36, 36, 36, 36, 36, 36, 36, 36, 36, 36, 36, 36, 36, 36, 36, 73,146,146,150,146,146,146,146,146,146,146,146,150,150,150,150},\
{  0,146,146,146,146,146,146,146,146,146,146,146,146,146,146,150,150,150,150,150,150,150,150,150,150,150,150,150,150,150,150,150,150,150,150,150,150,150,150,150,150,150,150,150,150,150,150,150,150,150,150,150,150,150,150,150,150,150,150,150,150,146,146,146,146,146,146,146,146,146,146,146,146,146,146,  0},\
{  0,  0,150,146,150,150,150,150,150,150,150,150,150,150,146,150,182,182,182,182,182,182,182,182,182,182,182,182,182,182,182,182,182,182,182,182,182,182,182,182,182,182,182,182,182,182,182,182,182,182,182,182,182,182,182,182,182,182,182,182,150,146,150,150,150,150,150,150,150,150,150,150,146,150,  0,  0},\
{  0,  0,  0,183,187,183,187,187,219,219,219,219,219,187,182,219,219,219,219,219,219,219,219,219,219,219,219,219,219,219,219,219,219,219,219,219,219,219,219,219,219,219,219,219,219,219,219,219,219,219,219,219,219,219,219,219,219,219,219,219,219,182,187,219,219,219,219,219,187,187,183,187,183,  0,  0,  0}\
}