#define _rgb {\
{  0,  0,  0,146,150,114,114,114,114,114,114,114,114,114, 78,110,114,110,110,110,110,110,110,110,110,110,110,110,110,110,110,110,110,110,110,110,110,110,110,110,110,110,110,110,110,110,110,110,110,110,110,110,110,110,110,110,110,110,110,110,114,110, 78,110,114,114,114,114,114,114,114,114,150,146,  0,  0,  0},\
{  0,  0,146,146,146,146,114,114,114,114,114,114,114,114,114,114,146,114,114,114,114,114,114,114,114,114,114,114,114,114,114,114,114,114,114,114,114,114,114,114,114,114,114,114,114,114,114,114,114,114,114,114,114,114,114,114,114,114,114,114,146,114,114,114,114,114,114,114,114,114,114,146,146,150,146,  0,  0},\
{  0,150,146,146,146,146,146,146,146,146,146,146,146,146,114,150,150,150,150,150,150,150,150,150,150,150,150,150,150,150,150,150,150,150,150,150,150,150,150,150,150,150,150,150,150,150,150,150,150,150,150,150,150,150,150,150,150,150,150,150,150,150,114,146,146,146,146,146,146,146,146,146,146,146,146,150,  0},\
{  0,150,150,150,146,150,182,182,182,182,150,150,150,150,146,114, 36, 36, 36, 36, 36, 36, 36, 36, 36, 36, 36, 36, 36, 36, 36, 36, 36, 36, 36, 36, 36, 36, 36, 36, 36, 36, 36, 36, 36, 36, 36, 36, 36, 36, 36, 36, 36, 36, 36, 36, 36, 36, 36, 36, 36,109,146,150,150,150,150,150,182,182,182,150,146,150,150,150,150},\
{150,150,150,150,150,182,219,219,219,187,183,182,182,150,146,110, 36, 32, 32, 32, 32, 32, 32, 32, 32, 32, 32, 32, 32, 32, 32, 32, 32, 32, 32, 32, 32, 32, 32, 32, 32, 32, 32, 32, 32, 32, 32, 32, 32, 32, 32, 32, 32, 32, 32, 32, 32, 32, 32, 32, 32,109,146,150,150,182,183,187,219,219,219,182,150,150,150,150, 69},\
{150,150,150,150,150,182,219,219,219,187,187,183,182,150,146,110, 36, 32, 32, 32, 32, 32, 32, 32, 32, 32, 32, 32, 32, 32, 32, 32, 32, 32, 32, 32, 32, 32, 32, 32, 32, 32, 32, 32, 32, 32, 32, 32, 32, 32, 32, 32, 32, 32, 32, 32, 32, 32, 32, 32, 32,109,146,150,150,182,183,187,219,219,219,183,150,150,150,150,150},\
{150,150,150,150,150,150,183,187,183,183,182,182,150,150,146,110, 36, 32, 32, 32, 32, 32, 32, 32, 32, 32, 32, 32, 32, 32, 32, 32, 32, 32, 32, 32, 32, 32, 32, 32, 32, 32, 32, 32, 32, 32, 32, 32, 32, 32, 32, 32, 32, 32, 32, 32, 32, 32, 32, 32, 32,109,146,150,150,182,182,183,183,187,183,150,150,150,150,150,150},\
{150,150,150,150,150,150,150,150,150,150,150,150,150,150,146,110, 36, 32, 32, 32, 32, 32, 32, 32, 32, 32, 32, 32, 32, 32, 32, 32, 32, 32, 32, 32, 32, 32, 32, 32, 32, 32, 32, 32, 32, 32, 32, 32, 32, 32, 32, 32, 32, 32, 32, 32, 32, 32, 32, 32, 32,109,146,150,150,150,150,150,150,150,150,150,150,150,150,150,150},\
{150,150,150,150,150,150,150,150,150,150,150,150,150,150,150,114, 36, 32, 32, 32, 32, 32, 32, 32, 32, 32, 32, 32, 32, 32, 32, 32, 32, 32, 32, 32, 32, 32, 32, 32, 32, 32, 32, 32, 32, 32, 32, 32, 32, 32, 32, 32, 32, 32, 32, 32, 32, 32, 32, 32, 32,109,150,150,150,150,150,150,150,150,150,150,150,150,150,150,150},\
{182,182,182,182,182,182,182,182,182,182,182,182,182,182,150,114, 36, 32, 32, 32, 32, 32, 32, 32, 32, 32, 32, 32, 32, 32, 32, 32, 32, 32, 32, 32, 32, 32, 32, 32, 32, 32, 32, 32, 32, 32, 32, 32, 32, 32, 32, 32, 32, 32, 32, 32, 32, 32, 32, 32, 32,109,150,182,182,182,182,182,182,182,182,182,182,182,182,182,182},\
{182,182,182,182,182,182,182,182,182,182,182,182,182,182,150,114, 36, 32, 32, 32, 32, 32, 32, 32, 32, 32, 32, 32, 32, 32, 32, 32, 32, 32, 32, 32, 32, 32, 32, 32, 32, 32, 32, 32, 32, 32, 32, 32, 32, 32, 32, 32, 32, 32, 32, 32, 32, 32, 32, 32, 32,109,150,182,182,182,182,182,182,182,182,182,182,182,182,182,182},\
{150,150,150,150,150,150,150,150,150,150,150,150,150,150,150,114, 36, 32, 32, 32, 32, 32, 32, 32, 32, 32, 32, 32, 32, 32, 32, 32, 32, 32, 32, 32, 32, 32, 32, 32, 32, 32, 32, 32, 32, 32, 32, 32, 32, 32, 32, 32, 32, 32, 32, 32, 32, 32, 32, 32, 32,109,150,150,150,150,150,150,150,150,150,150,150,150,150,150,150},\
{150,150,150,150,150,150,150,150,150,150,150,150,150,150,146,110, 36, 32, 32, 32, 32, 32, 32, 32, 32, 32, 32, 32, 32, 32, 32, 32, 32, 32, 32, 32, 32, 32, 32, 32, 32, 32, 32, 32, 32, 32, 32, 32, 32, 32, 32, 32, 32, 32, 32, 32, 32, 32, 32, 32, 32,109,146,150,150,150,150,150,150,150,150,150,150,150,150,150,150},\
{150,150,150,150,150,150,150,150,150,150,150,150,150,150,146,110, 36, 32, 32, 32, 32, 32, 32, 32, 32, 32, 32, 32, 32, 32, 32, 32, 32, 32, 32, 32, 32, 32, 32, 32, 32, 32, 32, 32, 32, 32, 32, 32, 32, 32, 32, 32, 32, 32, 32, 32, 32, 32, 32, 32, 32,109,146,150,150,150,150,150,150,150,150,150,150,150,150,150,150},\
{150,150,150,150,150,150,150,150,150,150,150,150,150,150,146,110, 36, 32, 32, 32, 32, 32, 32, 32, 32, 32, 32, 32, 32, 32, 32, 32, 32, 32, 32, 32, 32, 32, 32, 32, 32, 32, 32, 32, 32, 32, 32, 32, 32, 32, 32, 32, 32, 32, 32, 32, 32, 32, 32, 32, 32,109,146,150,150,150,150,150,150,150,150,150,150,150,150,150,150},\
{150,150,150,150,150,150,150,150,150,150,150,150,150,150,146,110, 36, 32, 32, 32, 32, 32, 32, 32, 32, 32, 32, 32, 32, 32, 32, 32, 32, 32, 32, 32, 32, 32, 32, 32, 32, 32, 32, 32, 32, 32, 32, 32, 32, 32, 32, 32, 32, 32, 32, 32, 32, 32, 32, 32, 32,109,146,146,150,150,150,150,150,150,150,150,150,150,150,150, 73},\
{  0,150,150,150,146,146,146,146,146,146,146,146,146,146,146,114, 36, 36, 36, 36, 36, 36, 36, 36, 36, 36, 36, 36, 36, 36, 36, 36, 36, 36, 36, 36, 36, 36, 36, 36, 36, 36, 36, 36, 36, 36, 36, 36, 36, 36, 36, 36, 36, 36, 36, 36, 36, 36, 36, 36, 36,109,146,146,150,146,146,146,146,146,146,146,146,150,150,150,150},\
{  0,150,146,146,146,146,146,146,146,146,146,146,146,146,114,150,150,150,150,150,150,150,150,150,150,150,150,150,150,150,150,150,150,150,150,150,150,150,150,150,150,150,150,150,150,150,150,150,150,150,150,150,150,150,150,150,150,150,150,150,150,150,114,146,146,146,146,146,146,146,146,146,146,146,146,150,  0},\
{  0,  0,146,150,150,150,150,150,150,150,150,150,150,150,146,150,182,182,182,182,182,182,182,182,182,182,182,182,182,182,182,182,182,182,182,182,182,182,182,182,182,182,182,182,182,182,182,182,182,182,182,182,182,182,182,182,182,182,182,182,182,150,146,150,150,150,150,150,150,150,150,150,150,146,146,  0,  0},\
{  0,  0,  0,150,146,183,187,187,219,219,219,219,219,219,182,187,219,219,219,219,219,219,219,219,219,219,219,219,219,219,219,219,219,219,219,219,219,219,219,219,219,219,219,219,219,219,219,219,219,219,219,219,219,219,219,219,219,219,219,219,219,187,150,219,219,219,219,219,219,187,187,183,114,146,  0,  0,  0}\
}