#define _rgb {\
{241,241,241,241,241,241,241,241,241,237,237,241,241,241,241,241,241,241,241,241},\
{237,237,237,237,233,233,237,237,237,237,237,237,237,237,233,233,237,237,237,237},\
{237,237,237,228,224,224,228,232,237,237,237,237,232,228,224,224,228,237,237,237},\
{237,237,228,224,224,224,224,224,228,237,237,228,224,224,224,224,224,228,237,237},\
{237,233,228,224,224,224,224,224,224,233,233,224,224,224,224,224,224,228,233,237},\
{237,232,224,224,224,224,224,224,224,228,228,224,224,224,224,224,224,224,232,237},\
{205,232,224,224,224,224,224,224,224,224,224,224,224,224,224,224,224,224,232,205},\
{205,200,224,224,224,224,224,224,224,224,224,224,224,224,224,224,224,224,200,205},\
{201,200,228,224,224,224,224,224,224,224,224,224,224,224,224,224,224,228,200,201},\
{200,200,196,224,224,224,224,224,224,224,224,224,224,224,224,224,224,196,200,200},\
{200,200,200,228,224,224,224,224,224,224,224,224,224,224,224,224,228,200,200,200},\
{200,200,200,196,228,224,224,224,224,224,224,224,224,224,224,228,196,200,200,200},\
{200,200,164,164,196,228,224,224,224,224,224,224,224,224,228,196,164,164,200,200},\
{  0,164,164,164,164,196,196,224,224,224,224,224,224,196,196,164,164,164,164,  0},\
{  0,  0,164,164,164,164,164,196,224,224,224,224,196,164,164,164,164,164,  0,  0},\
{  0,  0,  0,164,164,164,164,164,192,192,192,192,164,164,164,164,164,  0,  0,  0},\
{  0,  0,  0,  0,160,160,160,160,160,160,160,160,160,160,160,160,  0,  0,  0,  0},\
{  0,  0,  0,  0,  0,  0,160,160,160,160,160,160,160,160,  0,  0,  0,  0,  0,  0}\
}